sample	control_rep1	control_rep2	control_rep3	treatment_rep1	treatment_rep2	treatment_rep3
control_rep1	0	4.30517021315646	4.05286923776083	5.58331092549357	4.95374132787858	5.00694490178667
control_rep2	4.30517021315646	0	4.40709716535362	5.59977490442329	4.98127282126175	4.93240374326472
control_rep3	4.05286923776083	4.40709716535362	0	5.8384292945321	4.81954776450857	5.19179904201645
treatment_rep1	5.58331092549357	5.59977490442329	5.8384292945321	0	4.82276837069235	4.79765834437319
treatment_rep2	4.95374132787858	4.98127282126175	4.81954776450857	4.82276837069235	0	4.25545956989842
treatment_rep3	5.00694490178667	4.93240374326472	5.19179904201645	4.79765834437319	4.25545956989842	0
